 0.000000E+00  0.000000E+00  0.000000E+00
  2.777778E-03  2.536302-122  1.043699-125
  5.555556E-03  5.184162-111  2.366452-114
  8.333334E-03  5.108513-102  2.584690-105
  1.111111E-02  1.736100E-94  9.720083E-98
  1.388889E-02  5.210572E-88  3.220683E-91
  1.666667E-02  2.422616E-82  1.648450E-85
  1.944445E-02  2.542812E-77  1.898656E-80
  2.222222E-02  7.894460E-73  6.446511E-76
  2.500000E-02  8.878526E-69  7.901610E-72
  2.777778E-02  4.231320E-65  4.090143E-68
  3.055556E-02  9.674352E-62  1.012349E-64
  3.333334E-02  1.172674E-58  1.324189E-61
  3.611111E-02  8.176837E-56  9.933734E-59
  3.888889E-02  3.508609E-53  4.572821E-56
  4.166667E-02  9.801203E-51  1.366773E-53
  4.444445E-02  1.869041E-48  2.781801E-51
  4.722223E-02  2.533082E-46  4.014606E-49
  5.000000E-02  2.525453E-44  4.252907E-47
  5.277778E-02  1.908017E-42  3.407327E-45
  5.555556E-02  1.120863E-40  2.118665E-43
  5.833334E-02  5.235903E-39  1.045752E-41
  6.111112E-02  1.983516E-37  4.179289E-40
  6.388889E-02  6.200165E-36  1.376098E-38
  6.666667E-02  1.623853E-34  3.791109E-37
  6.944445E-02  3.612249E-33  8.859431E-36
  7.222223E-02  6.908297E-32  1.777789E-34
  7.500001E-02  1.148290E-30  3.097056E-33
  7.777778E-02  1.675198E-29  4.730324E-32
  8.055556E-02  2.163942E-28  6.390958E-31
  8.333334E-02  2.494917E-27  7.699591E-30
  8.611112E-02  2.586088E-26  8.332333E-29
  8.888890E-02  2.425885E-25  8.153599E-28
  9.166667E-02  2.071808E-24  7.258554E-27
  9.444445E-02  1.619840E-23  5.911253E-26
  9.722223E-02  1.165279E-22  4.426382E-25
  1.000000E-01  7.748878E-22  3.061898E-24
  1.027778E-01  4.783605E-21  1.965071E-23
  1.055556E-01  2.752286E-20  1.174738E-22
  1.083333E-01  1.481287E-19  6.565657E-22
  1.111111E-01  7.482764E-19  3.442495E-21
  1.138889E-01  3.558987E-18  1.698647E-20
  1.166667E-01  1.598459E-17  7.911319E-20
  1.194445E-01  6.797827E-17  3.487417E-19
  1.222222E-01  2.744328E-16  1.458755E-18
  1.250000E-01  1.054220E-15  5.803981E-18
  1.277778E-01  3.862085E-15  2.201455E-17
  1.305556E-01  1.352119E-14  7.977173E-17
  1.333333E-01  4.532751E-14  2.766960E-16
  1.361111E-01  1.457690E-13  9.204074E-16
  1.388889E-01  4.504856E-13  2.941328E-15
  1.416667E-01  1.340060E-12  9.045091E-15
  1.444445E-01  3.843019E-12  2.680836E-14
  1.472222E-01  1.064066E-11  7.669402E-14
  1.500000E-01  2.848554E-11  2.120807E-13
  1.527778E-01  7.382856E-11  5.676414E-13
  1.555556E-01  1.854928E-10  1.472445E-12
  1.583333E-01  4.523444E-10  3.706220E-12
  1.611111E-01  1.071931E-09  9.062827E-12
  1.638889E-01  2.471262E-09  2.155413E-11
  1.666667E-01  5.548897E-09  4.991235E-11
  1.694445E-01  1.214782E-08  1.126567E-10
  1.722222E-01  2.595660E-08  2.480979E-10
  1.750000E-01  5.418725E-08  5.336291E-10
  1.777778E-01  1.106307E-07  1.122086E-09
  1.805556E-01  2.211062E-07  2.308822E-09
  1.833333E-01  4.329901E-07  4.652952E-09
  1.861111E-01  8.315689E-07  9.192287E-09
  1.888889E-01  1.567612E-06  1.781746E-08
  1.916667E-01  2.903080E-06  3.391184E-08
  1.944445E-01  5.285693E-06  6.342808E-08
  1.972222E-01  9.468672E-06  1.166705E-07
  2.000000E-01  1.670014E-05  2.112012E-07
  2.027778E-01  2.901822E-05  3.765084E-07
  2.055556E-01  4.970403E-05  6.613974E-07
  2.083333E-01  8.396663E-05  1.145525E-06
  2.111111E-01  1.399633E-04  1.957145E-06
  2.138889E-01  2.302961E-04  3.300027E-06
  2.166667E-01  3.741715E-04  5.493704E-06
  2.194445E-01  6.004704E-04  9.032791E-06
  2.222222E-01  9.520354E-04  1.467314E-05
  2.250000E-01  1.491561E-03  2.355512E-05
  2.277778E-01  2.309546E-03  3.737739E-05
  2.305556E-01  3.534830E-03  5.863814E-05
  2.333334E-01  5.348311E-03  9.096477E-05
  2.361111E-01  8.000445E-03  1.395573E-04
  2.388889E-01  1.183314E-02  2.117755E-04
  2.416667E-01  1.730660E-02  3.179030E-04
  2.444445E-01  2.503144E-02  4.721267E-04
  2.472222E-01  3.580638E-02  6.937683E-04
  2.500000E-01  5.066119E-02  1.008810E-03
  2.527778E-01  7.090448E-02  1.451745E-03
  2.555556E-01  9.817505E-02  2.067791E-03
  2.583334E-01  1.344954E-01  2.915475E-03
  2.611111E-01  1.823247E-01  4.069598E-03
  2.638889E-01  2.446087E-01  5.624570E-03
  2.666667E-01  3.248228E-01  7.698063E-03
  2.694445E-01  4.270039E-01  1.043492E-02
  2.722222E-01  5.557683E-01  1.401124E-02
  2.750000E-01  7.163086E-01  1.863843E-02
  2.777778E-01  9.143682E-01  2.456725E-02
  2.805556E-01  1.156188E+00  3.209136E-02
  2.833334E-01  1.448425E+00  4.155049E-02
  2.861111E-01  1.798034E+00  5.333278E-02
  2.888889E-01  2.212128E+00  6.787610E-02
  2.916667E-01  2.697796E+00  8.566825E-02
  2.944445E-01  3.261906E+00  1.072456E-01
  2.972222E-01  3.910880E+00  1.331905E-01
  3.000000E-01  4.650456E+00  1.641262E-01
  3.027778E-01  5.485448E+00  2.007110E-01
  3.055556E-01  6.419505E+00  2.436303E-01
  3.083334E-01  7.454884E+00  2.935862E-01
  3.111111E-01  8.592253E+00  3.512867E-01
  3.138889E-01  9.830522E+00  4.174331E-01
  3.166667E-01  1.116672E+01  4.927063E-01
  3.194445E-01  1.259592E+01  5.777526E-01
  3.222222E-01  1.411123E+01  6.731693E-01
  3.250000E-01  1.570380E+01  7.794904E-01
  3.277778E-01  1.736300E+01  8.971730E-01
  3.305556E-01  1.907647E+01  1.026585E+00
  3.333334E-01  2.083044E+01  1.167993E+00
  3.361111E-01  2.260990E+01  1.321555E+00
  3.388889E-01  2.439897E+01  1.487312E+00
  3.416667E-01  2.618116E+01  1.665182E+00
  3.444445E-01  2.793976E+01  1.854962E+00
  3.472222E-01  2.965816E+01  2.056324E+00
  3.500000E-01  3.132021E+01  2.268820E+00
  3.527778E-01  3.291053E+01  2.491888E+00
  3.555556E-01  3.441481E+01  2.724859E+00
  3.583334E-01  3.582007E+01  2.966965E+00
  3.611111E-01  3.711488E+01  3.217357E+00
  3.638889E-01  3.828957E+01  3.475108E+00
  3.666667E-01  3.933627E+01  3.739236E+00
  3.694445E-01  4.024907E+01  4.008713E+00
  3.722223E-01  4.102399E+01  4.282484E+00
  3.750000E-01  4.165899E+01  4.559476E+00
  3.777778E-01  4.215386E+01  4.838619E+00
  3.805556E-01  4.251015E+01  5.118854E+00
  3.833334E-01  4.273103E+01  5.399148E+00
  3.861111E-01  4.282111E+01  5.678506E+00
  3.888889E-01  4.278626E+01  5.955978E+00
  3.916667E-01  4.263343E+01  6.230670E+00
  3.944445E-01  4.237045E+01  6.501752E+00
  3.972223E-01  4.200578E+01  6.768456E+00
  4.000000E-01  4.154839E+01  7.030091E+00
  4.027778E-01  4.100753E+01  7.286036E+00
  4.055556E-01  4.039256E+01  7.535743E+00
  4.083334E-01  3.971278E+01  7.778742E+00
  4.111111E-01  3.897735E+01  8.014632E+00
  4.138889E-01  3.819510E+01  8.243084E+00
  4.166667E-01  3.737448E+01  8.463835E+00
  4.194445E-01  3.652344E+01  8.676687E+00
  4.222223E-01  3.564943E+01  8.881499E+00
  4.250000E-01  3.475929E+01  9.078186E+00
  4.277778E-01  3.385928E+01  9.266711E+00
  4.305556E-01  3.295502E+01  9.447084E+00
  4.333334E-01  3.205156E+01  9.619353E+00
  4.361111E-01  3.115330E+01  9.783601E+00
  4.388889E-01  3.026412E+01  9.939941E+00
  4.416667E-01  2.938730E+01  1.008851E+01
  4.444445E-01  2.852564E+01  1.022948E+01
  4.472223E-01  2.768147E+01  1.036302E+01
  4.500000E-01  2.685666E+01  1.048932E+01
  4.527778E-01  2.605271E+01  1.060860E+01
  4.555556E-01  2.527076E+01  1.072106E+01
  4.583334E-01  2.451164E+01  1.082692E+01
  4.611111E-01  2.377591E+01  1.092640E+01
  4.638889E-01  2.306390E+01  1.101974E+01
  4.666667E-01  2.237573E+01  1.110714E+01
  4.694445E-01  2.171135E+01  1.118884E+01
  4.722223E-01  2.107057E+01  1.126505E+01
  4.750000E-01  2.045309E+01  1.133599E+01
  4.777778E-01  1.985849E+01  1.140188E+01
  4.805556E-01  1.928632E+01  1.146291E+01
  4.833334E-01  1.873601E+01  1.151930E+01
  4.861111E-01  1.820700E+01  1.157123E+01
  4.888889E-01  1.769867E+01  1.161890E+01
  4.916667E-01  1.721038E+01  1.166248E+01
  4.944445E-01  1.674147E+01  1.170217E+01
  4.972223E-01  1.629130E+01  1.173813E+01
  5.000000E-01  1.585919E+01  1.177052E+01
  5.027778E-01  1.544449E+01  1.179951E+01
  5.055556E-01  1.504655E+01  1.182525E+01
  5.083334E-01  1.466472E+01  1.184788E+01
  5.111112E-01  1.429837E+01  1.186755E+01
  5.138889E-01  1.394689E+01  1.188439E+01
  5.166667E-01  1.360967E+01  1.189853E+01
  5.194445E-01  1.328611E+01  1.191010E+01
  5.222223E-01  1.297564E+01  1.191921E+01
  5.250000E-01  1.267769E+01  1.192598E+01
  5.277778E-01  1.239171E+01  1.193052E+01
  5.305556E-01  1.211717E+01  1.193293E+01
  5.333334E-01  1.185353E+01  1.193331E+01
  5.361112E-01  1.160030E+01  1.193177E+01
  5.388889E-01  1.135698E+01  1.192837E+01
  5.416667E-01  1.112307E+01  1.192322E+01
  5.444445E-01  1.089811E+01  1.191640E+01
  5.472223E-01  1.068163E+01  1.190797E+01
  5.500000E-01  1.047319E+01  1.189803E+01
  5.527778E-01  1.027235E+01  1.188662E+01
  5.555556E-01  1.007868E+01  1.187383E+01
  5.583334E-01  9.891795E+00  1.185972E+01
  5.611112E-01  9.711283E+00  1.184433E+01
  5.638889E-01  9.536771E+00  1.182774E+01
  5.666667E-01  9.367900E+00  1.180999E+01
  5.694445E-01  9.204327E+00  1.179112E+01
  5.722223E-01  9.045730E+00  1.177120E+01
  5.750000E-01  8.891805E+00  1.175026E+01
  5.777778E-01  8.742273E+00  1.172834E+01
  5.805556E-01  8.596876E+00  1.170548E+01
  5.833334E-01  8.455378E+00  1.168172E+01
  5.861112E-01  8.317571E+00  1.165709E+01
  5.888889E-01  8.183267E+00  1.163164E+01
  5.916667E-01  8.052307E+00  1.160538E+01
  5.944445E-01  7.924553E+00  1.157835E+01
  5.972223E-01  7.799892E+00  1.155058E+01
  6.000000E-01  7.678233E+00  1.152210E+01
  6.027778E-01  7.559507E+00  1.149293E+01
  6.055556E-01  7.443663E+00  1.146311E+01
  6.083334E-01  7.330670E+00  1.143265E+01
  6.111112E-01  7.220510E+00  1.140159E+01
  6.138889E-01  7.113178E+00  1.136994E+01
  6.166667E-01  7.008683E+00  1.133774E+01
  6.194445E-01  6.907036E+00  1.130501E+01
  6.222223E-01  6.808257E+00  1.127178E+01
  6.250001E-01  6.712367E+00  1.123807E+01
  6.277778E-01  6.619386E+00  1.120390E+01
  6.305556E-01  6.529334E+00  1.116931E+01
  6.333334E-01  6.442222E+00  1.113431E+01
  6.361112E-01  6.358059E+00  1.109894E+01
  6.388889E-01  6.276843E+00  1.106321E+01
  6.416667E-01  6.198564E+00  1.102715E+01
  6.444445E-01  6.123200E+00  1.099079E+01
  6.472223E-01  6.050720E+00  1.095414E+01
  6.500001E-01  5.981082E+00  1.091724E+01
  6.527778E-01  5.914231E+00  1.088011E+01
  6.555556E-01  5.850103E+00  1.084276E+01
  6.583334E-01  5.788623E+00  1.080523E+01
  6.611112E-01  5.729708E+00  1.076752E+01
  6.638889E-01  5.673266E+00  1.072967E+01
  6.666667E-01  5.619198E+00  1.069168E+01
  6.694445E-01  5.567397E+00  1.065359E+01
  6.722223E-01  5.517756E+00  1.061539E+01
  6.750001E-01  5.470160E+00  1.057713E+01
  6.777778E-01  5.424495E+00  1.053880E+01
  6.805556E-01  5.380645E+00  1.050042E+01
  6.833334E-01  5.338494E+00  1.046200E+01
  6.861112E-01  5.297928E+00  1.042357E+01
  6.888889E-01  5.258835E+00  1.038512E+01
  6.916667E-01  5.221106E+00  1.034668E+01
  6.944445E-01  5.184637E+00  1.030824E+01
  6.972223E-01  5.149328E+00  1.026983E+01
  7.000001E-01  5.115082E+00  1.023144E+01
  7.027778E-01  5.081811E+00  1.019308E+01
  7.055556E-01  5.049430E+00  1.015477E+01
  7.083334E-01  5.017860E+00  1.011650E+01
  7.111112E-01  4.987028E+00  1.007829E+01
  7.138889E-01  4.956867E+00  1.004014E+01
  7.166667E-01  4.927315E+00  1.000204E+01
  7.194445E-01  4.898316E+00  9.964017E+00
  7.222223E-01  4.869819E+00  9.926060E+00
  7.250001E-01  4.841778E+00  9.888175E+00
  7.277778E-01  4.814151E+00  9.850365E+00
  7.305556E-01  4.786900E+00  9.812632E+00
  7.333334E-01  4.759994E+00  9.774979E+00
  7.361112E-01  4.733402E+00  9.737408E+00
  7.388889E-01  4.707098E+00  9.699920E+00
  7.416667E-01  4.681059E+00  9.662516E+00
  7.444445E-01  4.655266E+00  9.625198E+00
  7.472223E-01  4.629700E+00  9.587967E+00
  7.500001E-01  4.604347E+00  9.550824E+00
  7.527778E-01  4.579192E+00  9.513770E+00
  7.555556E-01  4.554225E+00  9.476806E+00
  7.583334E-01  4.529435E+00  9.439932E+00
  7.611112E-01  4.504814E+00  9.403149E+00
  7.638890E-01  4.480353E+00  9.366457E+00
  7.666667E-01  4.456047E+00  9.329857E+00
  7.694445E-01  4.431891E+00  9.293350E+00
  7.722223E-01  4.407878E+00  9.256936E+00
  7.750001E-01  4.384006E+00  9.220614E+00
  7.777778E-01  4.360271E+00  9.184387E+00
  7.805556E-01  4.336669E+00  9.148253E+00
  7.833334E-01  4.313199E+00  9.112213E+00
  7.861112E-01  4.289857E+00  9.076268E+00
  7.888890E-01  4.266641E+00  9.040417E+00
  7.916667E-01  4.243551E+00  9.004661E+00
  7.944445E-01  4.220585E+00  8.969000E+00
  7.972223E-01  4.197740E+00  8.933435E+00
  8.000001E-01  4.175016E+00  8.897965E+00
  8.027778E-01  4.152413E+00  8.862591E+00
  8.055556E-01  4.129928E+00  8.827312E+00
  8.083334E-01  4.107560E+00  8.792130E+00
  8.111112E-01  4.085310E+00  8.757044E+00
  8.138890E-01  4.063177E+00  8.722054E+00
  8.166667E-01  4.041158E+00  8.687161E+00
  8.194445E-01  4.019255E+00  8.652364E+00
  8.222223E-01  3.997466E+00  8.617664E+00
  8.250001E-01  3.975790E+00  8.583061E+00
  8.277778E-01  3.954227E+00  8.548555E+00
  8.305556E-01  3.932776E+00  8.514146E+00
  8.333334E-01  3.911437E+00  8.479835E+00
  8.361112E-01  3.890209E+00  8.445620E+00
  8.388890E-01  3.869092E+00  8.411503E+00
  8.416667E-01  3.848085E+00  8.377484E+00
  8.444445E-01  3.827187E+00  8.343562E+00
  8.472223E-01  3.806397E+00  8.309738E+00
  8.500001E-01  3.785717E+00  8.276012E+00
  8.527778E-01  3.765144E+00  8.242384E+00
  8.555556E-01  3.744678E+00  8.208854E+00
  8.583334E-01  3.724319E+00  8.175421E+00
  8.611112E-01  3.704066E+00  8.142087E+00
  8.638890E-01  3.683918E+00  8.108851E+00
  8.666667E-01  3.663876E+00  8.075713E+00
  8.694445E-01  3.643939E+00  8.042674E+00
  8.722223E-01  3.624105E+00  8.009732E+00
  8.750001E-01  3.604376E+00  7.976889E+00
  8.777778E-01  3.584749E+00  7.944145E+00
  8.805556E-01  3.565225E+00  7.911498E+00
  8.833334E-01  3.545803E+00  7.878950E+00
  8.861112E-01  3.526482E+00  7.846501E+00
  8.888890E-01  3.507263E+00  7.814150E+00
  8.916667E-01  3.488144E+00  7.781898E+00
  8.944445E-01  3.469125E+00  7.749744E+00
  8.972223E-01  3.450206E+00  7.717688E+00
  9.000001E-01  3.431386E+00  7.685732E+00
  9.027779E-01  3.412665E+00  7.653873E+00
  9.055556E-01  3.394041E+00  7.622113E+00
  9.083334E-01  3.375516E+00  7.590452E+00
  9.111112E-01  3.357087E+00  7.558889E+00
  9.138890E-01  3.338755E+00  7.527425E+00
  9.166667E-01  3.320520E+00  7.496059E+00
  9.194445E-01  3.302380E+00  7.464792E+00
  9.222223E-01  3.284335E+00  7.433623E+00
  9.250001E-01  3.266385E+00  7.402553E+00
  9.277779E-01  3.248530E+00  7.371581E+00
  9.305556E-01  3.230768E+00  7.340707E+00
  9.333334E-01  3.213100E+00  7.309932E+00
  9.361112E-01  3.195524E+00  7.279254E+00
  9.388890E-01  3.178041E+00  7.248676E+00
  9.416667E-01  3.160650E+00  7.218195E+00
  9.444445E-01  3.143351E+00  7.187812E+00
  9.472223E-01  3.126142E+00  7.157528E+00
  9.500001E-01  3.109024E+00  7.127342E+00
  9.527779E-01  3.091997E+00  7.097253E+00
  9.555556E-01  3.075059E+00  7.067263E+00
  9.583334E-01  3.058210E+00  7.037370E+00
  9.611112E-01  3.041451E+00  7.007575E+00
  9.638890E-01  3.024779E+00  6.977878E+00
  9.666667E-01  3.008196E+00  6.948279E+00
  9.694445E-01  2.991700E+00  6.918777E+00
  9.722223E-01  2.975291E+00  6.889373E+00
  9.750001E-01  2.958969E+00  6.860066E+00
  9.777779E-01  2.942733E+00  6.830856E+00
  9.805556E-01  2.926583E+00  6.801744E+00
  9.833334E-01  2.910518E+00  6.772729E+00
  9.861112E-01  2.894539E+00  6.743811E+00
